0.1956357
0.1859166
0.179739
0.179855
0.1716814
0.1723121
0.1621353
0.1583679
0.1380373
0.1156948
0.118193
0.1129602
0.1176744
0.09045341
0.06791337
0.09700573
0.09735181
0.09098124
0.05694824
0.06505573
0.07781452
0.05465462
0.05240181
0.05010255
0.0558567
0.08930166
0.03150358
0.002383692
0.004739822
0.005730263
0.01375014
0.002404397
0.002808531
0.002458086
0.002285899
0.00218976
0.002058507
0.001860896
0.001686469
0.00155299
0.001360015
0.00122181
0.001091691
0.000976521
0.000870842
0.000776433
0.00069179
0.000615225
0.000552197
0.000493452
0.000432747
0.000382431
0.000339957
0.00030137
0.000267719
0.000301682
0.000208861
0.000183572
0.000162057
0.000142674
0.000125795
0.000109722
9.07908E-05
6.70089E-05
4.80659E-05
3.17253E-05
1.97442E-05
1.34031E-05
3.69922E-06
1.68268E-06
2.16005E-06
2.77456E-06
3.56117E-06
4.57428E-06
5.8773E-06
7.54265E-06
1.07336E-05
1.54101E-05
1.80249E-05
2.12465E-05
2.75051E-05
3.59733E-05
4.26794E-05
5.18347E-05
6.87513E-05
0.000110079
0.000176563
0.000294092
0.000693424
